,x,y
0,0.033132702741614395,0.0
1,0.04171278318714422,0.0
2,0.09952697356713691,0.0
3,0.12350696577481468,0.0
4,0.15251476046457113,0.0
5,0.1885751141204055,0.0
6,0.20633112669131037,0.0
7,0.22132168412719677,0.0
8,0.2446508493285835,0.0
9,0.2713637334632284,0.0
10,0.27870247631998635,0.0
11,0.3088725074999361,0.0
12,0.34850167300919677,0.0
13,0.3813501017161418,0.0
14,0.3903095579116771,0.0
15,0.44426791040454217,0.0
16,0.44730386207862494,0.0
17,0.46187945897275795,0.0
18,0.530955012311517,0.0
19,0.5417386203264498,0.0
20,0.5586166068353953,0.0
21,0.5860326840383032,0.0
22,0.6473485619598267,0.0
23,0.6603115471660606,0.0
24,0.6808411274435344,0.0
25,0.6952143571507783,0.0
26,0.7175654756298102,0.0
27,0.7191922040020968,0.0
28,0.732229409068673,0.0
29,0.8251256648759595,0.0
30,0.836963163912251,0.0
31,0.8455453498485759,0.0
32,0.8693692325473386,0.0
33,0.9359671220172159,0.0
34,0.9361118426546191,0.0
35,0.9673277235240265,0.0
36,1.0231447421237492,0.0
37,1.0461985740299486,0.0
38,1.0909498032426037,0.0
39,1.100427059120603,0.0
40,1.1091267331531622,0.0
41,1.1191110623991254,0.0
42,1.119420353316215,0.0
43,1.1758971745148712,0.0
44,1.1922940892050344,0.0
45,1.1980426929501584,0.0
46,1.274034664069657,0.0
47,1.3326468628243815,0.0
48,1.3589746511876277,0.0
49,1.36761097525165,0.0
50,1.3727889929497348,0.0
51,1.425825263954398,0.0
52,1.4373713440018345,0.0
53,1.45111374540271,0.0
54,1.4523316290690025,0.0
55,1.4957533748932497,0.0
56,1.510693774952185,0.0
57,1.5476497662909336,1.0
58,1.5526798896001015,0.0
59,1.6280941906433755,0.0
60,1.6718787854196686,0.0
61,1.6856070581242846,0.0
62,1.7090429662648057,0.0
63,1.7385087174826082,0.0
64,1.7473748411882515,0.0
65,1.752867891211309,0.0
66,1.805269858900618,0.0
67,1.8254534577572263,0.0
68,1.8276826150402241,1.0
69,1.8658939302939732,0.0
70,1.8702664565364657,0.0
71,1.88613588645796,0.0
72,1.9080208498311833,0.0
73,1.924680389830415,0.0
74,1.9392175921245314,0.0
75,1.9510999321604823,0.0
76,1.951981984579586,0.0
77,1.9853881491158951,0.0
78,2.0256910284217677,0.0
79,2.034178746292204,0.0
80,2.046398106301551,0.0
81,2.0952574476759653,0.0
82,2.1405199601615355,1.0
83,2.1507943712656354,0.0
84,2.181777614275764,0.0
85,2.19817105976215,0.0
86,2.2066987963155196,0.0
87,2.247240713084175,0.0
88,2.3204120778032244,0.0
89,2.332063738136892,0.0
90,2.4622975382137784,0.0
91,2.504466018892674,0.0
92,2.562646731757538,0.0
93,2.565246110151298,0.0
94,2.591670111852695,0.0
95,2.640914962437608,0.0
96,2.7364199053022156,1.0
97,2.8332895509716955,0.0
98,2.936716561665378,0.0
99,2.9627735781863445,1.0
100,2.971061460667621,1.0
101,2.9834910353543127,1.0
102,3.0160741393731687,0.0
103,3.0514241469882166,0.0
104,3.0644838154653944,1.0
105,3.0725583497956857,0.0
106,3.0854066304816694,1.0
107,3.1127437304601964,1.0
108,3.120408127066865,1.0
109,3.136396976291964,1.0
110,3.148538589793427,0.0
111,3.177903470136039,0.0
112,3.2146481044485506,1.0
113,3.2360534514939046,0.0
114,3.2561764989494906,1.0
115,3.280261676059678,1.0
116,3.3312048695967738,1.0
117,3.367663185416977,1.0
118,3.5453576591294507,1.0
119,3.5544874131722546,0.0
120,3.587399872866511,1.0
121,3.5919509051822196,1.0
122,3.606690070459253,1.0
123,3.64526911140863,1.0
124,3.657386003879381,1.0
125,3.6711173683342766,1.0
126,3.7397887609653475,1.0
127,3.793834983561477,1.0
128,3.7986087436396074,1.0
129,3.8004225390625406,1.0
130,3.801178264565368,1.0
131,3.818462467582682,1.0
132,3.8253448281312785,1.0
133,3.871036742456699,0.0
134,3.9599042762050742,1.0
135,3.975133706123892,1.0
136,4.032813284435271,1.0
137,4.065386171053694,1.0
138,4.105398159072942,1.0
139,4.145626428614795,1.0
140,4.2181137533710675,1.0
141,4.241144063085702,1.0
142,4.248435466776273,1.0
143,4.2794687233379705,1.0
144,4.355734073221436,1.0
145,4.3692980916711575,1.0
146,4.374043008245923,1.0
147,4.377637070028385,1.0
148,4.391963650868431,1.0
149,4.533306831258292,1.0
150,4.564710291701385,1.0
151,4.569717691972306,1.0
152,4.6258030797273655,1.0
153,4.627622080115675,1.0
154,4.633468615779945,1.0
155,4.650796940166687,1.0
156,4.679253275145744,1.0
157,4.711055768358081,1.0
158,4.813181884524238,1.0
159,4.822032461394687,1.0
160,4.844640930984375,1.0
161,4.848722277386502,1.0
162,4.850384088698767,1.0
163,4.892768570729005,1.0
164,4.903333201207295,1.0
165,4.9080885955349585,1.0
166,4.972425054911576,1.0
167,4.99465584480253,1.0
168,5.011814973535428,1.0
169,5.164383499538061,1.0
170,5.178620555253561,1.0
171,5.197056874649611,1.0
172,5.228763541126306,1.0
173,5.264036120285886,1.0
174,5.322518545590704,1.0
175,5.323276455457959,1.0
176,5.355353990939866,1.0
177,5.368964102565893,1.0
178,5.376547799540959,1.0
179,5.382661559715462,1.0
180,5.38329454771996,1.0
181,5.402508342979983,1.0
182,5.445398843556558,1.0
183,5.449595315799922,1.0
184,5.455922412472693,1.0
185,5.531245410138701,1.0
186,5.548161709671376,1.0
187,5.578185914055439,1.0
188,5.620379932420407,1.0
189,5.6369936493851345,1.0
190,5.657458223475115,1.0
191,5.69331322352,1.0
192,5.704285838459497,1.0
193,5.774683769652667,1.0
194,5.793792198447356,1.0
195,5.817507766587351,1.0
196,5.819459112971966,1.0
197,5.830692496325764,1.0
198,5.913902724663604,1.0
199,5.921321619603104,1.0
