,x1,x2,y
0,1.0496714153011233,-0.013826430117118467,0.0
1,1.0644530430933692,0.17743308108414002,0.0
2,0.9753216191336839,0.0268306224848515,0.0
3,1.155080181811353,0.1520702784432236,0.0
4,0.9480035783878049,0.15461771920981138,0.0
5,0.9457729320332317,0.07876025820727857,0.0
6,1.0128479718945176,-0.041102435345022725,0.0
7,0.812072551277902,0.1187943060511788,0.0
8,0.8785719403508044,0.2311347137739344,0.0
9,0.883724465234456,0.08304039081585202,0.0
10,1.1151480380207865,0.22611225711620123,0.0
11,0.9687804920548783,0.13047711689597954,0.0
12,0.9004262722941246,0.3081338405480215,0.0
13,0.831998947252514,0.3585134116417767,0.0
14,0.8786699886619935,0.31547354819518936,0.0
15,0.8696058246653117,0.5533523711355718,0.0
16,0.918882124892077,0.28560257394161237,0.0
17,0.9923604618953146,0.2922912159961819,0.0
18,0.9202916110668466,0.24114875426295532,0.0
19,0.7553178439237014,0.4792659842084002,0.0
20,0.9501533380434046,0.49889050222071235,0.0
21,0.8523585889540112,0.4735128320768319,0.0
22,0.7031422827579491,0.45319020912182484,0.0
23,0.791464162946163,0.6521065693561607,0.0
24,0.8578944265852736,0.3909649335904831,0.0
25,0.841425391314427,0.5492770242508415,0.0
26,0.7262981986172395,0.6690979265786922,0.0
27,0.8815622538166185,0.7208193732023205,0.0
28,0.678520758689184,0.6161347239843229,0.0
29,0.7790674885645386,0.7635663801464876,0.0
30,0.6810512036368825,0.665981208262307,0.0
31,0.6009021798086825,0.5830293073907821,0.0
32,0.7749058880522248,0.8559330277449892,0.0
33,0.6681317959629911,0.8378664071473764,0.0
34,0.69274935825772,0.6897394052755913,0.0
35,0.6735635502995312,0.924316899422386,0.0
36,0.6142770091793393,0.9427527977180195,0.0
37,0.3359304726485445,0.8837572353083989,0.0
38,0.5862774102460847,0.7864385156705973,0.0
39,0.5660516941417382,0.6318390077357234,0.0
40,0.5138596061952455,0.8800391826531897,0.0
41,0.6622289382556581,0.8056996343662876,0.0
42,0.4118779812589728,0.820008050311072,0.0
43,0.56224414393554,0.9151663374009217,0.0
44,0.39540719571332833,0.9451681674625994,0.0
45,0.4354870464998767,1.0016915515193086,0.0
46,0.3327011263259274,0.8824749579611407,0.0
47,0.3405682802085853,0.7787257120212462,0.0
48,0.38602390641970835,0.960434469674601,0.0
49,0.3333308901872328,0.9195318225553497,0.0
50,0.167479920169906,0.9089919840186176,0.0
51,0.25074781081729924,0.878294062095214,0.0
52,0.2447129351232961,1.0057867245147278,0.0
53,0.42511758714477776,0.9890895141978578,0.0
54,0.23776214899433096,0.9698235319915768,0.0
55,-0.004495806944179642,0.979635863183767,0.0
56,0.16866018618898615,1.2330101554563966,0.0
57,0.11855419420652571,1.0206161599300125,0.0
58,0.10938520790295725,0.8767435067580551,0.0
59,0.20213347800224513,1.0713269124118499,0.0
60,0.141893714233618,0.9070879829487977,0.0
61,0.17796961376354442,0.8591043663613611,0.0
62,0.07125174926337959,1.218966606784814,0.0
63,-0.1116196723964215,0.943291271243539,0.0
64,-0.027725046161170455,0.9489419072289693,0.0
65,-0.21785686263592668,1.0048830259088743,0.0
66,-0.19408156792335368,1.0434928522066906,0.0
67,-0.20479880829686203,1.1486047510217623,0.0
68,-0.21611561991826178,0.9582552740760837,0.0
69,-0.0812854434579166,0.8635995125644725,0.0
70,-0.16463532112531165,1.1130015261569315,0.0
71,-0.3727554333781774,0.9957315094214239,0.0
72,-0.2105107175988823,1.049814020092405,0.0
73,-0.3845365773777051,0.8333359775248462,0.0
74,-0.23282510590828628,0.9882202563406945,0.0
75,-0.2839677093403599,0.9857013372448511,0.0
76,-0.4008220166808359,0.9662159056089648,0.0
77,-0.3271046313833827,0.8628938006539753,0.0
78,-0.19320164440732557,0.9724604989256368,0.0
79,-0.5220367854339276,0.9808965334843005,0.0
80,-0.5232474585878049,0.9835355128402646,0.0
81,-0.3325236581892917,0.8117731923160927,0.0
82,-0.37436631924090047,0.9235693191286031,0.0
83,-0.4105213255488424,1.0598630529349204,0.0
84,-0.5389783453817935,0.7821530397579033,0.0
85,-0.6247782379415487,0.7627468970054714,0.0
86,-0.5645857874295984,0.864711096677477,0.0
87,-0.5499036234892658,0.8990575756207863,0.0
88,-0.5966047938697281,0.9469203925866083,0.0
89,-0.64432529641413,1.0583053487955807,0.0
90,-0.574857254972189,0.684797487134161,0.0
91,-0.7636750055590678,0.8024986222604222,0.0
92,-0.6976790866536094,0.8089131667673831,0.0
93,-0.6463295433554506,0.7130261336222194,0.0
94,-0.7962150490161258,0.5511652473302627,0.0
95,-0.7736201226281137,0.7701869853610357,0.0
96,-0.7245317710111617,0.5414379895630529,0.0
97,-0.7451244184263298,0.6855876995423279,0.0
98,-0.8668480451871367,0.6430638718852534,0.0
99,-0.7881695268032354,0.49363326791154294,0.0
100,-0.7732382583401191,0.6438637049292967,0.0
101,-0.7152274733108999,0.6726491543302467,0.0
102,-0.9752949768378507,0.45261184274275684,0.0
103,-0.799490955073826,0.5765532250525165,0.0
104,-0.8124186485622304,0.8888963507012331,0.0
105,-0.819217628974547,0.5953102381197751,0.0
106,-0.7927362724642242,0.5247189857520678,0.0
107,-0.9309321760304057,0.5130126887002595,0.0
108,-0.987388492138753,0.39069372031928296,0.0
109,-0.9687682021487807,0.39956108077583463,0.0
110,-0.6983106292209006,0.18139803342550287,0.0
111,-0.8701078386164227,0.1833713360555519,0.0
112,-0.9942914915736877,0.4298386695039459,0.0
113,-0.9484365428370967,0.1892671037841043,0.0
114,-1.0335580425120827,0.3409117104107926,0.0
115,-1.0416198243003447,0.2703357461230523,0.0
116,-0.9699696887961958,0.1591107261887993,0.0
117,-0.7654606434517143,0.26310188274620816,0.0
118,-1.1870785931949661,0.19366849045221862,0.0
119,-1.0548303912147527,0.23546892260037952,0.0
120,-1.071366775157748,0.11385958941761419,0.0
121,-0.9444522890832545,0.18693723426822711,0.0
122,-1.1171885409661915,0.04187668194383776,0.0
123,-1.046231487722113,-0.015088605077601534,0.0
124,-0.8231387652551903,0.06562826653943292,0.0
125,-1.1260883954335046,0.09178619470547773,0.0
126,-0.7874685695820366,0.07811643061177713,0.0
127,-1.1506739532014187,-0.09866772546639455,0.0
128,-0.8704677853419517,-0.14609375208981087,0.0
129,-0.9505690741666774,-0.022898309508281492,0.0
130,-1.0848077484722862,-0.13128576917048432,0.0
131,-1.3127784787448213,-0.2526643532541863,0.0
132,-1.0098211496685214,-0.29980137717176103,0.0
133,-0.8166139219910833,-0.34272411831047056,0.0
134,-1.0185313214562755,-0.21119670322077205,0.0
135,-0.8244558322220195,-0.39227610228279897,0.0
136,-0.84571129637059,-0.2719286294153665,0.0
137,-1.053015409851438,-0.25083123415070807,0.0
138,-0.9271923354373973,-0.38096529752308894,0.0
139,-0.931753649154872,-0.3831742828606932,0.0
140,-0.9184247513631266,-0.3019114852325733,0.0
141,-0.761630165751335,-0.5151552167198875,0.0
142,-0.696802633219369,-0.6095843609455343,0.0
143,-0.9145837610699293,-0.3782840460024754,0.0
144,-0.8600372620400413,-0.5218498126035472,0.0
145,-0.897118905079591,-0.5310537675675987,0.0
146,-0.9228598928872566,-0.4186629919336583,0.0
147,-0.815292933198187,-0.5944655894873613,0.0
148,-0.7475680524988166,-0.5156643946466081,0.0
149,-0.7422463857445314,-0.5043060649343954,0.0
150,-0.8919164954671545,-0.6438033563121703,0.0
151,-0.7192610381355091,-0.546893271151259,0.0
152,-0.780552460963438,-0.6159586229598225,0.0
153,-0.6346760214326054,-0.7062131004530273,0.0
154,-0.6912314073071782,-0.6862311326776411,0.0
155,-0.7507367477441336,-0.5746694207299697,0.0
156,-0.6289940423104822,-0.6212990061987855,0.0
157,-0.5631054250973722,-0.718208640724631,0.0
158,-0.607137510991528,-0.7685397930175196,0.0
159,-0.6241691205041123,-0.7672656861728722,0.0
160,-0.6277243932494179,-0.710997540232098,0.0
161,-0.6996816814136813,-0.5770497045680731,0.0
162,-0.6985067212074894,-0.9229858461496496,0.0
163,-0.46176161607226085,-0.7371729813208904,0.0
164,-0.49446363478297245,-0.7677613482693847,0.0
165,-0.5370514722636878,-0.9340533626505985,0.0
166,-0.5068590779621341,-0.9252428273448633,0.0
167,-0.39521536820651654,-0.8848894928197395,0.0
168,-0.5532536518445836,-0.9144298106002527,0.0
169,-0.4070900706624695,-0.9502138794316615,0.0
170,-0.5080013311217161,-0.8804583313168282,0.0
171,-0.37840977860279046,-0.9659354901580305,0.0
172,-0.42688292608363326,-0.9018722130986944,0.0
173,-0.5012203128629829,-1.0750753198942677,0.0
174,-0.4046639666482298,-0.9643352510640494,0.0
175,-0.2779262378151471,-0.8035208946001984,0.0
176,-0.1992533001497741,-0.9745156420137187,0.0
177,-0.26274312708016556,-1.0656345752970549,0.0
178,-0.23835031062296322,-1.0004975968066878,0.0
179,-0.1797352538882459,-1.0599912179234257,0.0
180,-0.1354466631616074,-0.8290133594284309,0.0
181,-0.17351318004056918,-0.946514771997974,0.0
182,-0.06877589151352641,-1.030583472885235,0.0
183,-0.09044713669244026,-0.9923520704418289,0.0
184,-0.07808358669586003,-1.0734345875287192,0.0
185,-0.06033950210341892,-0.9482268993037266,0.0
186,0.10742417810957003,-0.9033623900320686,0.0
187,0.20275220586780276,-1.076655800492621,0.0
188,0.09979810355542035,-0.9815868436299809,0.0
189,0.2566704759917019,-1.0801193011761043,0.0
190,-0.021181664688763896,-1.0579659929726737,0.0
191,-0.12453837588023785,-1.0487091113112486,0.0
192,0.03694311871811176,-0.9785719318723877,0.0
193,0.1719658882623541,-0.8028443417750626,0.0
194,0.2576795490134889,-1.0443763097741083,0.0
195,0.09753984745088932,-0.9330953335780381,0.0
196,0.07998378921999028,-0.7941222469827581,0.0
197,0.35444300909585347,-1.0185492981251445,0.0
198,0.08952805338080946,-0.8299944014167324,0.0
199,0.2735652779447148,-0.8347401578200295,0.0
200,0.1495742284955105,-1.0109940185905308,0.0
201,0.333343914494805,-0.9382924765163903,0.0
202,0.31140533156532657,-0.872043949221862,0.0
203,0.27301705258354214,-0.9393151553365873,0.0
204,0.41493599888485233,-0.8637972892150427,0.0
205,0.49694077937396164,-1.0172912616498064,0.0
206,0.2949717990164702,-0.7660737419614128,0.0
207,0.5039353333632921,-0.9571398800906085,0.0
208,0.6478425391005436,-0.85861629124024,0.0
209,0.6323692521878891,-0.8507748080526414,0.0
210,0.7419015874671954,-0.6687938412576946,0.0
211,0.5319792016402809,-0.7334388041003769,0.0
212,0.642110298380782,-0.6794760949639493,0.0
213,0.5014126369995082,-0.7329618388710327,0.0
214,0.7237020617752932,-0.9621623807789302,0.0
215,0.5190981384821125,-0.9744364605517991,0.0
216,0.6296450723085011,-0.6824971551565073,0.0
217,0.8255685133306272,-0.7301036393161965,0.0
218,0.8565148603699342,-0.8583191707093961,0.0
219,0.5411974332737701,-0.7082047396885108,0.0
220,0.7673751723153426,-0.6878165807380976,0.0
221,0.5391969354201943,-0.6749238713855307,0.0
222,0.6319955609609625,-0.5800887066864404,0.0
223,0.8151221261767084,-0.7216793399234358,0.0
224,0.7426037069141662,-0.7138516498835002,0.0
225,0.8027490846476302,-0.4922710202423494,0.0
226,0.7249599929948731,-0.5168642975749721,0.0
227,0.7845022782048978,-0.6256816299605034,0.0
228,0.8402914457992363,-0.6286988622032328,0.0
229,0.8085584866581169,-0.6234109908946459,0.0
230,1.0727791933355024,-0.47822731890454245,0.0
231,0.818163898014286,-0.4381818695480655,0.0
232,0.8881724465972882,-0.45921272660425483,0.0
233,0.971522640689338,-0.3386248099885538,0.0
234,0.8671817326048176,-0.4489554909016705,0.0
235,0.9022713161730871,-0.5983166691582363,0.0
236,0.787214751434019,-0.20795549643006425,0.0
237,1.1115950763448728,-0.3458472137628468,0.0
238,1.0125202410522196,-0.26591656612268144,0.0
239,1.2699157524316096,-0.16099444437386742,0.0
240,0.9557914019805546,-0.34424393122489705,0.0
241,0.8138822407608199,-0.20392439736265838,0.0
242,0.9042199778558165,-0.34193535147417464,0.0
243,0.9199070461049528,-0.2831778593367155,0.0
244,1.1573659082451706,-0.06206161342581176,0.0
245,0.9913174371828162,0.0226611803246988,0.0
246,1.002687847746062,-0.1864901349840415,0.0
247,1.1494713079875796,-0.021435801159466854,0.0
248,0.8950123411733718,-0.06927818598813015,0.0
249,0.9121223639448242,-0.16341006853977066,0.0
250,0.8926177547531642,0.19094166404701307,1.0
251,0.6598905940447258,0.07640100002372707,1.0
252,0.7339253083726314,-0.008517083832653954,1.0
253,0.7384877277846044,-0.02613763254563542,1.0
254,0.800812976379523,-0.002805639760131859,1.0
255,0.8207374436295662,0.09524277590652971,1.0
256,0.7670265911036903,0.029424105092445862,1.0
257,0.729974334566531,0.21555756976279647,1.0
258,0.8339757606698357,0.06201245993167051,1.0
259,0.7895547287721844,0.25455532109668383,1.0
260,0.6079260007907676,0.25328792896987734,1.0
261,0.7033597613742841,0.2754214152731761,1.0
262,0.6875657201430627,0.05714505519517604,1.0
263,0.5949244002074793,0.2615633825119058,1.0
264,0.7769593362952475,0.18528267602917275,1.0
265,0.8076804345883385,0.1283476359208464,1.0
266,0.7295774980279648,0.1919973134935163,1.0
267,0.6629011657677806,0.3362403319262688,1.0
268,0.6334828647247017,0.31123705889776376,1.0
269,0.8111384399722797,0.30997470154487544,1.0
270,0.7846145552416051,0.2724322538156104,1.0
271,0.7441191515457966,0.5470554233743987,1.0
272,0.43363113542302456,0.34045017842198894,1.0
273,0.7277296447517674,0.41681093878311604,1.0
274,0.6959406654398729,0.3934166406298232,1.0
275,0.655872574247248,0.4546604782947706,1.0
276,0.7519705250842491,0.5117863224858057,1.0
277,0.6565301074611389,0.46096539242031376,1.0
278,0.5611933864019091,0.47438895047359336,1.0
279,0.6361981305771753,0.4907110458653751,1.0
280,0.6121523876267706,0.755177764607495,1.0
281,0.6563410121105976,0.5295176226222953,1.0
282,0.6750440368666386,0.5354396826081704,1.0
283,0.3364537929790342,0.4892018627947987,1.0
284,0.33818941249977963,0.5682497561847522,1.0
285,0.5117810297179071,0.7840543254481597,1.0
286,0.5269804278486838,0.6071206928284086,1.0
287,0.561264544564364,0.4201400569959127,1.0
288,0.48561961854867075,0.730157919962444,1.0
289,0.29764186861256625,0.7788521236773431,1.0
290,0.46251107673263875,0.633933549011532,1.0
291,0.47482981363583365,0.9130906107353615,1.0
292,0.41236849874448284,0.7209690623656542,1.0
293,0.33062705577824164,0.6208485442014835,1.0
294,0.4417401545264503,0.6294647567301243,1.0
295,0.3477800569739974,0.676095897296304,1.0
296,0.3702231311455693,0.7655591486254288,1.0
297,0.4075772708432308,0.6890601255820918,1.0
298,0.25814200944126353,0.6495867823870589,1.0
299,0.22182630961077818,0.7921224780187768,1.0
300,0.3229124571644932,0.6686286806183603,1.0
301,0.31497600198654696,0.9023812170943958,1.0
302,0.2500166953542877,0.9599848923224258,1.0
303,0.11182027770862252,0.6528399160005974,1.0
304,-0.008266336952784226,0.9314189300034731,1.0
305,0.21534161730398538,0.7802713334919056,1.0
306,0.15810659478788883,0.6767998506364568,1.0
307,0.354807430509393,0.8052912587548438,1.0
308,0.10122458735927456,0.8674657108058759,1.0
309,0.11838188041426578,0.8192952897424512,1.0
310,-0.028815029921080558,0.8455682184562169,1.0
311,0.21835459578345096,0.9339735827279693,1.0
312,0.16937149457062176,0.7488152677199345,1.0
313,-0.10901331393254021,0.7873581433530881,1.0
314,-0.0245796549070782,0.9088507299595663,1.0
315,-0.21947887859493265,0.9513764146886787,1.0
316,-0.0860817470984935,0.7542187803197961,1.0
317,-0.19149554542480213,0.6294033812294297,1.0
318,-0.027915174151519007,0.7997009372761614,1.0
319,-0.25910582213001226,0.6598408781599329,1.0
320,-0.1834835215975925,0.9527319531118903,1.0
321,-0.1955648230740042,0.6315002035427442,1.0
322,-0.21377350402757417,0.7500330293569721,1.0
323,-0.4783618693260747,0.7668758244148379,1.0
324,-0.25110886299684865,0.8364380676952426,1.0
325,-0.062317986005423515,0.8735017159908987,1.0
326,-0.2931445046738725,0.6437398378401246,1.0
327,-0.027793522645614577,0.7533849973667385,1.0
328,-0.30243034722614637,0.7376492567565662,1.0
329,-0.3025166724941447,0.7177568969043397,1.0
330,-0.39798963394008186,0.6691757478487764,1.0
331,-0.36198189989362556,0.6607306622076345,1.0
332,-0.44784772399998257,0.7164760039171524,1.0
333,-0.41967959498071866,0.8465463025938895,1.0
334,-0.6766486078645064,0.795172010147168,1.0
335,-0.30405291673343426,0.46812331716079725,1.0
336,-0.47976925259858527,0.6273326327570711,1.0
337,-0.6028093322095963,0.5752897318146596,1.0
338,-0.589381570992598,0.8164806322390636,1.0
339,-0.40071985115752146,0.756186255208711,1.0
340,-0.43777198539462825,0.5035054170989086,1.0
341,-0.5777206312303426,0.6523385607116748,1.0
342,-0.662479027386014,0.6613103369037779,1.0
343,-0.5789551844660576,0.5387651391553656,1.0
344,-0.49813254494707915,0.6065463069876833,1.0
345,-0.6192715185190374,0.6635706650793757,1.0
346,-0.7048592490993354,0.5944030546418277,1.0
347,-0.55064388301232,0.48669012532415634,1.0
348,-0.5901565390294069,0.3770417313940302,1.0
349,-0.5427896169975782,0.4678540245113853,1.0
350,-0.6994858975518619,0.5751291244176675,1.0
351,-0.729260447157018,0.31296902966504914,1.0
352,-0.8256853493861037,0.49771647252197926,1.0
353,-0.8088385206853819,0.5956191221674729,1.0
354,-0.8993316745426405,0.5725441981376126,1.0
355,-0.6799435973148291,0.37573162809433297,1.0
356,-0.7650010677317306,0.4075774999323975,1.0
357,-0.7232876714955817,0.46002280152239844,1.0
358,-0.7166620116817927,0.34653064094081487,1.0
359,-0.772546699114082,0.30740437109765517,1.0
360,-0.7130410118213953,0.12348280288207958,1.0
361,-0.8858056283336706,0.3500407479418851,1.0
362,-0.7405921001830014,0.23835655421049953,1.0
363,-0.7620482424907752,0.27239143579779507,1.0
364,-0.8235981052998049,0.14053107587362873,1.0
365,-0.7552820033931367,0.10111463197038063,1.0
366,-0.7387962226578146,0.009158248335720764,1.0
367,-0.6809684781748332,0.20702773265282995,1.0
368,-0.7620484941919767,0.23828754557477208,1.0
369,-0.6243739513440735,0.22161747779841873,1.0
370,-0.9777791841847469,-0.027691109822126872,1.0
371,-0.8584426713546081,0.08289847690205537,1.0
372,-0.7459612181615789,-0.012312936893000483,1.0
373,-0.7803128888371061,-0.035342838691516526,1.0
374,-0.8608991317258348,-0.12056203333015234,1.0
375,-0.8923233246110904,-0.13516846056163326,1.0
376,-0.8973346767243733,0.0852601033061139,1.0
377,-0.8939294541680083,0.22304275193992354,1.0
378,-0.7483953301204023,-0.04177783205285884,1.0
379,-0.8817965916031616,-0.010258383940073001,1.0
380,-0.8512555436753597,-0.08806560538690732,1.0
381,-0.5349129419634517,-0.12978646126907084,1.0
382,-0.6727241349947968,-0.21033608969280965,1.0
383,-0.7873828909570938,0.01731207915202515,1.0
384,-0.8423182040080385,0.0018282470401879136,1.0
385,-0.7040913353573574,-0.2551985873213108,1.0
386,-0.7063813633633167,-0.12110610345118719,1.0
387,-0.7017106395755947,-0.39465573725067377,1.0
388,-0.8303923615782824,-0.2815067514009181,1.0
389,-0.7584304290331038,-0.213647128784546,1.0
390,-0.7260510886172759,-0.4280340780187525,1.0
391,-0.6981656927921,-0.25204035894137977,1.0
392,-0.6721057317548925,-0.2234223922391651,1.0
393,-0.6361319857982064,-0.3037746053979028,1.0
394,-0.7175257301967004,-0.5337599818487895,1.0
395,-0.6580835221218322,-0.3646341705650612,1.0
396,-0.6639808500347311,-0.5305734188906397,1.0
397,-0.7889012394765798,-0.3148244186357463,1.0
398,-0.673977947419379,-0.3689654076501528,1.0
399,-0.6559942404896959,-0.4508395453518308,1.0
400,-0.553385214902358,-0.5218326746557161,1.0
401,-0.6255802412241699,-0.5325717670261887,1.0
402,-0.6662194639968503,-0.5330703013794246,1.0
403,-0.5877406316457872,-0.5655196314219032,1.0
404,-0.4711773037819935,-0.6222702241693518,1.0
405,-0.6018620663532652,-0.5916107905703686,1.0
406,-0.4245307533320548,-0.5424644981879221,1.0
407,-0.4517381907033806,-0.7248032572140228,1.0
408,-0.5135612199098937,-0.5010474143241955,1.0
409,-0.5170402056748228,-0.49685306708234794,1.0
410,-0.561668036808989,-0.4754758502020735,1.0
411,-0.2643978781103422,-0.6653146017532613,1.0
412,-0.5228742385860925,-0.4959151401849311,1.0
413,-0.30410094816474287,-0.705357403289074,1.0
414,-0.48751917490013613,-0.6926551802427009,1.0
415,-0.5631064870866248,-0.767327535050032,1.0
416,-0.5119657037004122,-0.7628010814653345,1.0
417,-0.39765036197731146,-0.6727255304819685,1.0
418,-0.22151309645085832,-0.8056683852218419,1.0
419,-0.2602743330243672,-0.7364720237435621,1.0
420,-0.34556980421730166,-0.6563796927561552,1.0
421,-0.43459735072716005,-0.693951963478329,1.0
422,-0.28717805559613524,-0.6908166390667516,1.0
423,-0.2562126385798186,-0.5019331399742003,1.0
424,-0.33002963404352054,-0.8074921242144736,1.0
425,-0.3095276481424345,-0.8163929249521483,1.0
426,-0.29175412270663265,-0.6479157781031456,1.0
427,-0.06662278023293183,-0.8293799404415669,1.0
428,-0.2724347549294023,-0.7301638306930989,1.0
429,-0.22482799236574103,-0.7185213170790037,1.0
430,-0.12961274958344973,-0.9374042120826742,1.0
431,0.024640787977099426,-0.6097609880567424,1.0
432,-0.17151110159614877,-0.8311392965509196,1.0
433,-0.061698568826295055,-0.7614433694173042,1.0
434,-0.004426529973311513,-0.595886433437903,1.0
435,-0.0679271383728555,-0.8782511071964627,1.0
436,-0.16808406893740005,-0.8725245821066634,1.0
437,-0.013365529194062028,-0.6204810490112742,1.0
438,-0.041708297996935116,-0.7775580401991631,1.0
439,0.028509856528672536,-0.680592250767663,1.0
440,0.3029256582108132,-0.8515082600346494,1.0
441,0.021337012988772067,-0.6924907996076308,1.0
442,0.15847425686141642,-0.6102183158424034,1.0
443,0.16862505108030693,-0.828298349636027,1.0
444,0.18917521522513805,-0.6784783973080036,1.0
445,0.23195326978831654,-0.7351023974722212,1.0
446,0.276273156896559,-0.6648849398099875,1.0
447,0.3274150967227325,-0.7124343975727749,1.0
448,0.19196139700023235,-0.7576339424232867,1.0
449,0.34866630662681697,-0.8485109983126242,1.0
450,0.2840809263872479,-0.800179094268859,1.0
451,0.2691301179118711,-0.6265472424535616,1.0
452,0.30423940977259106,-0.7428194991496747,1.0
453,0.16783766231944935,-0.6654364088648443,1.0
454,0.38687356668503753,-0.5158674657661881,1.0
455,0.30984560975675807,-0.7019466092064217,1.0
456,0.38364494124310156,-0.5573278113446636,1.0
457,0.3670335924935712,-0.6779308285709286,1.0
458,0.45497152421028697,-0.6774860914199848,1.0
459,0.3669082655701523,-0.6666123256650911,1.0
460,0.5360246109691745,-0.7781138703427182,1.0
461,0.45879746060523824,-0.7344888008505673,1.0
462,0.5815628256302982,-0.8053900910521248,1.0
463,0.42243180171885614,-0.6035324003902494,1.0
464,0.6508400933957016,-0.6356057718165938,1.0
465,0.4544192391296321,-0.4282948872765723,1.0
466,0.38046721456074106,-0.8232817002508911,1.0
467,0.5842676915021527,-0.6402159163218004,1.0
468,0.45279936293717277,-0.5054115751803903,1.0
469,0.5936086131445483,-0.6185278389127521,1.0
470,0.45514446207004006,-0.46039195191493615,1.0
471,0.6617730341352117,-0.5427270803253397,1.0
472,0.794617708413925,-0.6246532458881706,1.0
473,0.47021732416114503,-0.5713438960206846,1.0
474,0.6306337172827188,-0.46201029322341486,1.0
475,0.6230899897143249,-0.4350226621825489,1.0
476,0.5336721356836975,-0.30943869889407927,1.0
477,0.6618073141944567,-0.32538589422860237,1.0
478,0.715068120073524,-0.37446438205365795,1.0
479,0.7481154617774886,-0.3581277053068773,1.0
480,0.7653176200218452,-0.2524876862681291,1.0
481,0.7301612760209827,-0.29676351273833895,1.0
482,0.7105506318243744,-0.2056808917757988,1.0
483,0.6604455463420695,-0.15140642150354594,1.0
484,0.7321696828282619,-0.45617644368156685,1.0
485,0.7566316302016801,-0.36260480789523036,1.0
486,0.8350514410219718,-0.3409767364698525,1.0
487,0.7130603006743177,-0.4457089609403203,1.0
488,0.7186610038724068,-0.4800211979245237,1.0
489,0.6112318549202964,-0.14232008279943037,1.0
490,0.8534465447679882,-0.1564061535533871,1.0
491,0.6829238839163405,-0.18418774437370256,1.0
492,0.7835237879983408,-0.27560445333078004,1.0
493,0.9379912978000794,-0.052282218122653656,1.0
494,0.7688249784073649,-0.11749188739715238,1.0
495,0.8145300418463376,-0.3044400736938721,1.0
496,0.7712430753329805,-0.14848779668075196,1.0
497,0.6975651192189997,-0.08837147371094167,1.0
498,0.9787582179697663,0.023888831582885517,1.0
499,0.7426294524483603,0.03715420178094622,1.0
