,x1,x2,y
0,-1.365515797779505,-0.14738138964717498,0.0
1,1.1097190753762418,0.45342942426343796,0.0
2,1.0787998547303608,0.06721077667900266,0.0
3,0.7625053448180213,0.03869939776806974,1.0
4,-0.15174076526182356,0.6234637530144841,1.0
5,1.0245480001658986,0.9467852180423265,1.0
6,-1.1524734416155482,0.8645576686303073,0.0
7,1.2848785737055044,0.30429385489143734,1.0
8,2.8107681075973217,0.35513894878413366,1.0
9,0.1482586630043744,0.75222089893978,0.0
10,-0.07809362379108103,0.07115760494548917,0.0
11,2.2066018342833194,-0.6082264968932366,1.0
12,1.8756274151478105,-0.48606265840857327,1.0
13,-1.0384249540775867,0.04257594323185343,0.0
14,1.6842241906827435,0.46054863364046383,1.0
15,2.4445538402161056,0.19940369518101275,1.0
16,0.6817195728059277,2.629258211789845,0.0
17,0.868330834268008,-0.6306681420640206,1.0
18,-1.7940103542294459,1.2876501080472724,0.0
19,0.2906878654058066,0.26892485320256176,0.0
20,0.6777325114771742,0.6010170065549596,1.0
21,1.0209367522440536,1.037007667275284,0.0
22,1.0660595419707142,-1.2898230192165134,1.0
23,-0.299852892254144,1.0505699243446407,0.0
24,0.005154617399347083,0.2610301431726587,0.0
25,-0.8153345893489752,0.21022258418632378,0.0
26,-0.3883501646999076,1.2826797112899468,0.0
27,-0.25130940897380954,1.4610735601748206,0.0
28,-0.26544159619291474,-0.11788396730046169,1.0
29,-0.41764165447609536,-0.8513829171201325,1.0
30,1.5306307799385797,0.12599612651545344,0.0
31,1.6273518137774934,0.8903148198553947,0.0
32,1.6037262257232017,1.0457552826109735,0.0
33,-1.6378974617730768,0.6676347350204864,0.0
34,0.38990580689182575,0.13529287285462255,1.0
35,0.035332229074719564,0.2841808653126703,1.0
36,0.4752473346211473,0.08522775737469407,1.0
37,0.3195544232828365,0.08272807258276371,1.0
38,2.1236878720308803,-0.6183858874848337,1.0
39,-1.3471947521632153,0.33334154405313743,0.0
40,-0.34369925129448875,0.6530191955628535,0.0
41,2.4075353865625395,1.5824854373405342,1.0
42,0.5070061415062083,0.40833888086137193,0.0
43,1.4110593188656146,0.7234635701438751,0.0
44,0.8010462093603165,0.5502414439769906,1.0
45,1.3685995501533892,1.2717105391380137,1.0
46,1.1939389611094302,0.40322399841588846,0.0
47,1.021568509345887,0.7342447329998402,0.0
48,0.8107490113376034,0.08794164651327663,1.0
49,0.01817315598472291,0.40567967768802454,0.0
50,0.9621463248952344,0.712536784738501,1.0
51,1.8295019143717952,-0.12007410932352454,1.0
52,0.23827139709738443,-0.8174980596113133,0.0
53,0.4287554072139379,-0.7909455052466227,1.0
54,0.11625309443927048,-0.3612081737759479,1.0
55,-1.841032139794455,0.9668396609163454,0.0
56,0.43363395116829556,-0.4027730782925444,1.0
57,-1.58002472024218,-0.18590327730850928,0.0
58,2.6691078256816567,-0.17219142430805562,1.0
59,-0.6382472982823508,-0.7310106311652436,0.0
60,3.1329302818762987,0.8836429908580109,1.0
61,-0.11175360735327655,0.6021218050997331,0.0
62,0.563763194735022,1.1199179655981468,0.0
63,1.6095807666127915,-0.03690788019888164,0.0
64,0.15514242886330526,-0.18894225911750984,0.0
65,-0.32535898197172364,1.0127862610325296,1.0
66,0.01849832626168829,0.7652110790916624,0.0
67,2.1566196888250726,-0.8599811953619272,1.0
68,-0.34499487505757864,1.1048970128337983,0.0
69,0.8298275595473795,0.6637461458571502,1.0
70,-0.9100225638120754,2.197282607721708,0.0
71,-0.12984264604455992,-1.0876974009752929,1.0
72,1.2320403509087938,0.7944493982024164,1.0
73,0.2538364221053286,0.3576575817952393,0.0
74,-0.6829661412430902,-0.10896784554076648,1.0
75,-1.2128334789445416,-0.7460558824423497,1.0
76,1.6815033852655368,1.5947131833058372,0.0
77,0.5894641414317681,-0.7476829200301238,1.0
78,0.03803078649944871,2.02619800349271,1.0
79,0.32354145991493294,0.7493096703982124,1.0
80,0.8663892846813762,0.10300671428271876,0.0
81,-0.3453886902073994,0.7247492477721583,0.0
82,-1.1224568387166165,1.8261899595516056,0.0
83,1.5285310424647078,1.500694011390236,1.0
84,2.4144002346942375,0.2949840829847556,1.0
85,-0.6173638972193891,0.35927128452288787,0.0
86,1.0407049236578374,-0.29920899042938887,1.0
87,0.9906588166732191,0.6076876587352893,0.0
88,1.555038816425416,-0.012800173437063439,1.0
89,0.26192098940847974,1.878305521115648,0.0
90,1.001353485881584,1.0206417968097599,0.0
91,0.32422062908764177,0.10604836390906947,1.0
92,0.3591325144191133,0.00668889384906779,1.0
93,-0.6619865477556583,0.07265483600123335,0.0
94,0.5047108474681199,1.0972793998610724,0.0
95,2.996797742971956,0.05631198496836998,1.0
96,1.0317753960269325,-0.2848472550619707,1.0
97,0.9898239281603032,0.7943583989435616,0.0
98,0.3147884731136637,1.3726925164119073,0.0
99,0.03923362385360052,0.46217563313946597,1.0
100,0.8157785123432427,-0.27191909031669637,0.0
101,1.7702319335064836,1.542123033605011,0.0
102,-0.40058825059731695,-0.7622143509869816,1.0
103,1.640885060882788,-1.2676507468697222,1.0
104,0.5414479405755249,0.6518539104139347,1.0
105,0.37190654657332334,-0.490538833071983,1.0
106,-0.4084404188687365,1.4628139314668542,0.0
107,-0.5872552566711279,1.4448327774991494,0.0
108,0.4706289389429533,1.0109600566046648,1.0
109,0.6075145856123247,-0.36135369156840047,1.0
110,1.863420981699443,0.20112663064537306,1.0
111,1.7503303199658005,-0.3102981248739585,0.0
112,1.5677487042353104,1.352344454563244,1.0
113,-0.2132611578308794,0.5266825178914829,1.0
114,-0.8021204444872669,0.7927960016871394,0.0
115,-0.1887871404038548,-0.19809606611457004,1.0
116,0.38217323428182054,1.3970547902429615,0.0
117,0.4938943921371938,1.0425752069978413,0.0
118,0.4757685308950327,-0.9583209891410494,1.0
119,0.4074718632742633,1.0736361596705022,0.0
120,0.3421946072655463,1.594180040577076,0.0
121,0.3399091006265607,0.284179888478992,1.0
122,2.6528930210856125,-0.22076040772975458,1.0
123,0.9240442370197488,0.7301761080017258,1.0
124,1.4817423941750303,1.8931512350373427,0.0
125,0.6731586915165731,1.3013699327290085,0.0
126,0.9444833002578886,0.5513776453667989,1.0
127,0.8182294702780443,-1.3776424470385984,1.0
128,-0.17006327021949652,-0.6359445437918131,0.0
129,-0.9161912727743209,1.180610516938115,0.0
130,1.9252959455785226,0.29827062837381557,1.0
131,0.5615259176009408,1.9566828824812013,0.0
132,-0.5322809689908219,0.07200675741074915,0.0
133,1.0944676130085462,-0.6732652147226198,1.0
134,0.39686705894025986,0.26552763164645077,0.0
135,0.8647132074714479,-0.49031663970565553,1.0
136,1.1746347751998996,0.27622601603511243,0.0
137,-1.5814108795316209,-0.24384237810538412,1.0
138,-0.18144683155876712,0.9577732415677662,0.0
139,0.6686030508498011,-0.16949901506887097,1.0
140,2.809228241336865,0.136038148850895,1.0
141,1.5825876844021012,-1.1575892433699688,1.0
142,1.0133429631844142,0.4182747643947116,1.0
143,0.7051563930066121,2.0017652756706936,0.0
144,-1.3618070827250461,0.36954798083266815,0.0
145,0.6297879707267059,2.212262662182237,0.0
146,1.0500897412244392,1.2286313883629718,0.0
147,0.16041126914880507,0.9375759254800093,1.0
148,-0.30067180113750547,0.35910527331137754,0.0
149,-1.5370984877901854,0.3112853514466509,0.0
150,2.713143812700666,0.4038173589957822,1.0
151,1.5593808204294808,-0.26314143256145694,1.0
152,-2.0751386351885643,1.250853660486664,0.0
153,1.543890015556356,0.1620474035038748,0.0
154,1.0461958298947942,-1.010132252878153,0.0
155,-0.6132847977560619,1.822291908005762,0.0
156,2.268558461959075,-0.06119110220020102,1.0
157,0.4365130680211809,0.185093674667841,1.0
158,0.6750830939767709,-0.5683731859533487,0.0
159,-0.6588901747333021,1.0177771369598836,0.0
160,2.4534745332237837,-1.126856255804511,1.0
161,0.44783657596887144,-0.43040073903841225,1.0
162,0.8114117294598796,-0.03273780124937342,1.0
163,2.3596385976174563,-0.17514673632064673,1.0
164,0.9203951826020709,0.7020479904576405,0.0
165,-0.4326590942222188,0.6806350657013411,0.0
166,-0.5055041845229247,-0.08367710338854767,1.0
167,-0.9480237288359487,0.8753777921302347,0.0
168,2.0328300245388773,-1.0788776618307012,1.0
169,-0.3327409968019416,0.991229311692196,0.0
170,0.38206475977259274,1.7818801363572945,0.0
171,-0.38631234879557685,-0.06121627632243992,0.0
172,0.3073851827753174,0.9948368472280102,0.0
173,-0.591490829128816,0.17357645589318593,0.0
174,2.8702600965278093,-0.6469715907158444,1.0
175,1.5681890681378536,-1.1451950693438269,1.0
176,0.947801672908572,-0.9379201402985841,1.0
177,0.40494848941221556,1.5519593457024552,0.0
178,0.6037843794887806,-0.4201479746421416,1.0
179,2.972390513888682,-1.2861368313216714,1.0
180,0.4726677418466928,-0.5562242909635287,0.0
181,-0.20073828652105435,0.9657907056591427,0.0
182,0.29431332474990823,-0.9252168026473353,1.0
183,-0.08265314036553328,-0.5425889614127005,1.0
184,1.189426691968955,0.09299934035819435,1.0
185,0.6904932251820849,0.8298062265637778,1.0
186,-1.5680831776653128,-0.0021423482127798377,0.0
187,1.6694647352002674,0.6732495141462749,1.0
188,-1.2146958962838639,1.3999872745867847,0.0
189,-0.9537198610746405,0.2782328919817385,0.0
190,1.1211726636107793,-0.9694310247283391,1.0
191,0.7560445728255683,1.1118349757393087,1.0
192,0.8232693630815969,0.6756954901037917,0.0
193,1.7047677751583732,0.002959167874693247,1.0
194,-0.9283241039249173,0.36925105962639665,0.0
195,-0.23017034180240176,0.04200545040808501,1.0
196,0.3643470871244432,0.07543493252347305,0.0
197,-2.602223475965847,0.6653279637974003,0.0
198,2.0589348823701012,-0.1480986701769314,1.0
199,0.15627417362194868,0.6144013923835439,1.0
